1
0.999848
0.999391
0.99863
0.997564
0.996195
0.994522
0.992546
0.990268
0.987688
0.984808
0.981627
0.978148
0.97437
0.970296
0.965926
0.961262
0.956305
0.951057
0.945519
0.939693
0.93358
0.927184
0.920505
0.913545
0.906308
0.898794
0.891007
0.882948
0.87462
0.866025
0.857167
0.848048
0.83867
0.829038
0.819152
0.809017
0.798636
0.788011
0.777146
0.766044
0.75471
0.743145
0.731354
0.71934
0.707107
0.694658
0.681998
0.669131
0.656059
0.642788
0.62932
0.615662
0.601815
0.587785
0.573577
0.559193
0.544639
0.52992
0.515038
0.5
0.48481
0.469472
0.453991
0.438372
0.422619
0.406738
0.390732
0.374608
0.35837
0.342022
0.32557
0.30902
0.292375
0.275641
0.258823
0.241926
0.224956
0.207918
0.190816
0.173656
0.156443
0.139183
0.12188
0.104541
0.0871698
0.0697722
0.0523536
0.0349193
0.0174745
2.4673e-005
-0.0174248
-0.0348687
-0.0523016
-0.0697183
-0.0871134
-0.104481
-0.121817
-0.139115
-0.156371
-0.173578
-0.190731
-0.207826
-0.224856
-0.241818
-0.258704
-0.275511
-0.292233
-0.308865
-0.325402
-0.341838
-0.358168
-0.374388
-0.390493
-0.406477
-0.422335
-0.438062
-0.453654
-0.469105
-0.484411
-0.499567
-0.514568
-0.529409
-0.544086
-0.558593
-0.572927
-0.587082
-0.601055
-0.61484
-0.628432
-0.641829
-0.655025
-0.668015
-0.680796
-0.693364
-0.705713
-0.71784
-0.729741
-0.741411
-0.752848
-0.764045
-0.775001
-0.78571
-0.796169
-0.806374
-0.816322
-0.826008
-0.835429
-0.844581
-0.853462
-0.862066
-0.870391
-0.878433
-0.88619
-0.893657
-0.900831
-0.907709
-0.914287
-0.920563
-0.926534
-0.932195
-0.937545
-0.94258
-0.947297
-0.951693
-0.955765
-0.959509
-0.962925
-0.966007
-0.968754
-0.971163
-0.97323
-0.974954
-0.97633
-0.977357
-0.978032
-0.978351
-0.978313
-0.977914
-0.977151
-1
-0.999848
-0.999391
-0.99863
-0.997564
-0.996195
-0.994522
-0.992546
-0.990268
-0.987688
-0.984808
-0.981627
-0.978148
-0.97437
-0.970296
-0.965926
-0.961262
-0.956305
-0.951057
-0.945519
-0.939693
-0.93358
-0.927184
-0.920505
-0.913545
-0.906308
-0.898794
-0.891007
-0.882948
-0.87462
-0.866025
-0.857167
-0.848048
-0.83867
-0.829038
-0.819152
-0.809017
-0.798636
-0.788011
-0.777146
-0.766044
-0.75471
-0.743145
-0.731354
-0.71934
-0.707107
-0.694658
-0.681998
-0.669131
-0.656059
-0.642788
-0.62932
-0.615662
-0.601815
-0.587785
-0.573577
-0.559193
-0.544639
-0.52992
-0.515038
-0.5
-0.48481
-0.469472
-0.453991
-0.438372
-0.422619
-0.406738
-0.390732
-0.374608
-0.35837
-0.342022
-0.32557
-0.30902
-0.292375
-0.275641
-0.258823
-0.241926
-0.224956
-0.207918
-0.190816
-0.173656
-0.156443
-0.139183
-0.12188
-0.104541
-0.0871698
-0.0697722
-0.0523536
-0.0349193
-0.0174745
-2.4673e-005
0.0174248
0.0348687
0.0523016
0.0697183
0.0871134
0.104481
0.121817
0.139115
0.156371
0.173578
0.190731
0.207826
0.224856
0.241818
0.258704
0.275511
0.292233
0.308865
0.325402
0.341838
0.358168
0.374388
0.390493
0.406477
0.422335
0.438062
0.453654
0.469105
0.484411
0.499567
0.514568
0.529409
0.544086
0.558593
0.572927
0.587082
0.601055
0.61484
0.628432
0.641829
0.655025
0.668015
0.680796
0.693364
0.705713
0.71784
0.729741
0.741411
0.752848
0.764045
0.775001
0.78571
0.796169
0.806374
0.816322
0.826008
0.835429
0.844581
0.853462
0.862066
0.870391
0.878433
0.88619
0.893657
0.900831
0.907709
0.914287
0.920563
0.926534
0.932195
0.937545
0.94258
0.947297
0.951693
0.955765
0.959509
0.962925
0.966007
0.968754
0.971163
0.97323
0.974954
0.97633
0.977357
0.978032
0.978351
0.978313
0.977914
0.977151
