0
0.0174533
0.0349066
0.0523598
0.0698131
0.0872664
0.10472
0.122173
0.139626
0.15708
0.174533
0.191986
0.209439
0.226893
0.244346
0.261799
0.279252
0.296706
0.314159
0.331612
0.349066
0.366519
0.383972
0.401425
0.418879
0.436332
0.453785
0.471239
0.488692
0.506145
0.523598
0.541052
0.558505
0.575958
0.593411
0.610865
0.628318
0.645771
0.663225
0.680678
0.698131
0.715584
0.733038
0.750491
0.767944
0.785397
0.802851
0.820304
0.837757
0.855211
0.872664
0.890117
0.90757
0.925024
0.942477
0.95993
0.977384
0.994837
1.01229
1.02974
1.0472
1.06465
1.0821
1.09956
1.11701
1.13446
1.15192
1.16937
1.18682
1.20428
1.22173
1.23918
1.25664
1.27409
1.29154
1.309
1.32645
1.3439
1.36136
1.37881
1.39626
1.41372
1.43117
1.44862
1.46608
1.48353
1.50098
1.51844
1.53589
1.55334
1.57079
1.58825
1.6057
1.62315
1.64061
1.65806
1.67551
1.69297
1.71042
1.72787
1.74533
1.76278
1.78023
1.79769
1.81514
1.83259
1.85005
1.8675
1.88495
1.90241
1.91986
1.93731
1.95477
1.97222
1.98967
2.00713
2.02458
2.04203
2.05949
2.07694
2.09439
2.11185
2.1293
2.14675
2.16421
2.18166
2.19911
2.21657
2.23402
2.25147
2.26893
2.28638
2.30383
2.32129
2.33874
2.35619
2.37365
2.3911
2.40855
2.42601
2.44346
2.46091
2.47837
2.49582
2.51327
2.53073
2.54818
2.56563
2.58309
2.60054
2.61799
2.63544
2.6529
2.67035
2.6878
2.70526
2.72271
2.74016
2.75762
2.77507
2.79252
2.80998
2.82743
2.84488
2.86234
2.87979
2.89724
2.9147
2.93215
2.9496
2.96706
2.98451
3.00196
3.01942
3.03687
3.05432
3.07178
3.08923
3.10668
3.12414
3.14159
3.15904
3.1765
3.19395
3.2114
3.22886
3.24631
3.26376
3.28122
3.29867
3.31612
3.33358
3.35103
3.36848
3.38594
3.40339
3.42084
3.4383
3.45575
3.4732
3.49066
3.50811
3.52556
3.54302
3.56047
3.57792
3.59538
3.61283
3.63028
3.64774
3.66519
3.68264
3.70009
3.71755
3.735
3.75245
3.76991
3.78736
3.80481
3.82227
3.83972
3.85717
3.87463
3.89208
3.90953
3.92699
3.94444
3.96189
3.97935
3.9968
4.01425
4.03171
4.04916
4.06661
4.08407
4.10152
4.11897
4.13643
4.15388
4.17133
4.18879
4.20624
4.22369
4.24115
4.2586
4.27605
4.29351
4.31096
4.32841
4.34587
4.36332
4.38077
4.39823
4.41568
4.43313
4.45059
4.46804
4.48549
4.50295
4.5204
4.53785
4.55531
4.57276
4.59021
4.60767
4.62512
4.64257
4.66003
4.67748
4.69493
4.71238
4.72984
4.74729
4.76474
4.7822
4.79965
4.8171
4.83456
4.85201
4.86946
4.88692
4.90437
4.92182
4.93928
4.95673
4.97418
4.99164
5.00909
5.02654
5.044
5.06145
5.0789
5.09636
5.11381
5.13126
5.14872
5.16617
5.18362
5.20108
5.21853
5.23598
5.25344
5.27089
5.28834
5.3058
5.32325
5.3407
5.35816
5.37561
5.39306
5.41052
5.42797
5.44542
5.46288
5.48033
5.49778
5.51524
5.53269
5.55014
5.5676
5.58505
5.6025
5.61996
5.63741
5.65486
5.67232
5.68977
5.70722
5.72468
5.74213
5.75958
5.77703
5.79449
5.81194
5.82939
5.84685
5.8643
5.88175
5.89921
5.91666
5.93411
5.95157
5.96902
5.98647
6.00393
6.02138
6.03883
6.05629
6.07374
6.09119
6.10865
6.1261
6.14355
6.16101
6.17846
6.19591
6.21337
6.23082
6.24827
6.26573
