0
0.0174524
0.0348995
0.0523359
0.0697564
0.0871557
0.104528
0.121869
0.139173
0.156434
0.173648
0.190809
0.207912
0.224951
0.241922
0.258819
0.275637
0.292371
0.309017
0.325568
0.34202
0.358368
0.374606
0.390731
0.406736
0.422618
0.438371
0.45399
0.469471
0.484809
0.5
0.515038
0.529919
0.544639
0.559192
0.573576
0.587785
0.601815
0.615661
0.62932
0.642787
0.656059
0.66913
0.681998
0.694658
0.707106
0.719339
0.731353
0.743144
0.754709
0.766044
0.777145
0.78801
0.798635
0.809017
0.819152
0.829037
0.83867
0.848048
0.857167
0.866025
0.874619
0.882947
0.891006
0.898794
0.906307
0.913545
0.920504
0.927183
0.93358
0.939692
0.945518
0.951056
0.956304
0.961261
0.965926
0.970295
0.97437
0.978147
0.981627
0.984808
0.987688
0.990268
0.992546
0.994522
0.996195
0.997564
0.998629
0.999391
0.999848
1
0.999848
0.999391
0.99863
0.997564
0.996195
0.994522
0.992546
0.990268
0.987689
0.984808
0.981627
0.978148
0.97437
0.970296
0.965926
0.961262
0.956305
0.951057
0.945519
0.939693
0.933581
0.927184
0.920506
0.913546
0.906309
0.898795
0.891007
0.882948
0.874621
0.866026
0.857168
0.848049
0.838672
0.829039
0.819153
0.809018
0.798637
0.788012
0.777147
0.766046
0.754711
0.743146
0.731355
0.719341
0.707108
0.69466
0.682
0.669132
0.656061
0.642789
0.629322
0.615663
0.601817
0.587787
0.573578
0.559195
0.544641
0.529921
0.51504
0.500002
0.484812
0.469474
0.453993
0.438373
0.42262
0.406739
0.390733
0.374609
0.35837
0.342022
0.32557
0.309019
0.292374
0.27564
0.258821
0.241924
0.224953
0.207914
0.190811
0.173651
0.156437
0.139176
0.121872
0.104531
0.0871583
0.0697591
0.0523386
0.0349021
0.017455
2.65306e-006
-0.0174497
-0.0348968
-0.0523333
-0.0697538
-0.087153
-0.104526
-0.121867
-0.13917
-0.156432
-0.173645
-0.190806
-0.207909
-0.224948
-0.241919
-0.258816
-0.275635
-0.292369
-0.309014
-0.325565
-0.342017
-0.358365
-0.374604
-0.390728
-0.406734
-0.422616
-0.438368
-0.453988
-0.469469
-0.484807
-0.499997
-0.515035
-0.529917
-0.544636
-0.55919
-0.573574
-0.587783
-0.601812
-0.615659
-0.629318
-0.642785
-0.656057
-0.669128
-0.681996
-0.694656
-0.707104
-0.719338
-0.731351
-0.743143
-0.754707
-0.766042
-0.777144
-0.788009
-0.798634
-0.809015
-0.81915
-0.829036
-0.838669
-0.848046
-0.857166
-0.866024
-0.874618
-0.882946
-0.891005
-0.898793
-0.906307
-0.913544
-0.920504
-0.927183
-0.93358
-0.939692
-0.945518
-0.951056
-0.956304
-0.961261
-0.965926
-0.970296
-0.97437
-0.978148
-0.981628
-0.984808
-0.987689
-0.990269
-0.992547
-0.994523
-0.996196
-0.997566
-0.998631
-0.999393
-0.99985
-1
-0.999851
-0.999394
-0.998633
-0.997568
-0.996199
-0.994526
-0.992551
-0.990273
-0.987694
-0.984814
-0.981634
-0.978155
-0.974378
-0.970304
-0.965935
-0.961271
-0.956315
-0.951068
-0.945531
-0.939706
-0.933594
-0.927199
-0.920521
-0.913563
-0.906326
-0.898814
-0.891027
-0.88297
-0.874644
-0.866051
-0.857195
-0.848077
-0.838702
-0.829071
-0.819188
-0.809055
-0.798676
-0.788054
-0.777192
-0.766094
-0.754762
-0.743201
-0.731413
-0.719403
-0.707175
-0.694731
-0.682075
-0.669213
-0.656147
-0.642881
-0.62942
-0.615767
-0.601928
-0.587905
-0.573704
-0.559329
-0.544784
-0.530074
-0.515202
-0.500175
-0.484996
-0.469669
-0.454201
-0.438595
-0.422856
-0.40699
-0.391
-0.374892
-0.358672
-0.342343
-0.325911
-0.309381
-0.292759
-0.276048
-0.259255
-0.242385
-0.225443
-0.208434
-0.191363
-0.174236
-0.157058
-0.139834
-0.12257
-0.105272
-0.087944
-0.070592
-0.0532215
-0.035838
-0.0184468
